AAPL	S&P
-0.008537838	-0.005740942
0.001176248	-0.000782272
-0.003532741	0.001702023
-0.015397146	-0.014306008
-0.000342259	0.001480701
-0.022915145	-0.001845688
-0.014230613	-0.02548489
-0.023428964	-0.021189833
0.046379509	0.026795026
-0.025975559	-0.017427312
-0.011110504	-0.002920874
0.007778543	0.013675733
-0.00657779	-0.022590593
0.010206849	0.012535935
0.018941666	0.011500106
0.00691035	0.006839366
-0.025911453	-0.022164023
0.009869145	0.003331017
0.018643267	0.016588521
-0.004686521	-0.005540619
0.009810404	0.00821688
0.003382341	-0.002890822
0.006218771	0.008076322
0.013670053	0.010605144
-0.002246649	0.00083102
-0.028749357	-0.005742578
-0.041835	-0.00857318
-0.002900841	5.61753E-05
-0.014016904	-0.013470896
0.00434783	0.001835433
0.003477232	0.010380129
-0.011637313	0.001113016
0.017950209	-0.008221244
0.022970275	0.002545802
0.043227228	-0.007231903
0.001810491	-0.00225624
0.038483287	0.012729832
0.007208949	0.003451995
0.004795424	-0.000265691
0.007016292	0.009635604
0.014202553	0.009327001
-0.003810514	0.001706175
-0.002335833	0.000883132
-0.009130003	-0.00686568
0.009289506	0.004052336
-0.00634384	-0.00085621
-0.003643145	-0.002635698
0.007060061	0.00735959
-0.002508056	-0.003140664
0.006391136	0.003243109
-0.001115659	-0.002025252
0.002282944	-0.002360028
-0.003612702	-0.011631584
-0.002131046	0.012615912
-0.003365605	-0.006903337
0.017873586	0.010790764
0.008322904	0.004469595
0.007685508	0.000702371
0.003459974	0.008530883
-0.002684391	-0.000714451
-0.009138879	0.003121061
-0.002454742	0.001068148
0.005475564	0.001741832
-0.00825115	-0.004034177
0.000524313	0.002468462
-0.010325702	-0.001017592
-0.000529844	-0.002128423
-0.016291637	-0.00403155
0.004352719	0.001710697
-0.005591872	-0.006365708
-0.002916154	0.001860249
-0.014982908	-0.013819791
0.012329559	0.002202154
-0.001465068	-0.008641521
0.007250135	0.006159615
-0.002104675	0.000758094
0.0111206	0.003063318
-0.017570013	-0.004959633
0.008014634	0.008583807
0.013766811	0.008445532
0.013789631	0.008784344
-0.001207447	0.00346719
-0.013061041	-0.007119462
0.016627023	0.008710985
0.001569294	0.001078649
-0.00219761	-0.001028619
0.002824613	0.003965783
-0.005499693	0.002158158
0.007743093	-0.003960782
-0.002295736	-0.000948929
0.000887419	0.001836397
0.007228207	0.004769547
0.009385843	0.009060376
-0.003136054	-0.003036858
-0.016771182	-0.00658388
-0.005618538	-0.0057708
0.001998968	0.004872858
0.057240157	-0.001040917
0.028811761	0.004914398
0.002888873	0.004633387
0.00517931	0.003532051
-0.009419265	0.002820185
0.000675879	-0.000262414
0.00783402	-0.001442759
-0.002983055	-0.007139295
0.00643624	-0.004014003
0.004204376	0.00636892
0.002333343	-0.007631264
0.014543604	0.007888277
0.019773273	0.003317627
-0.009791452	0.002425017
-0.001951298	0.002066431
4.65826E-05	-0.000398269
0.002043956	-0.001692663
0.003104512	0.006179719
0.008200873	0.007641124
0.008043129	0.000269232
0.014819064	0.005685236
0.009151689	-0.004440118
0.011487782	0.000134421
0.00320186	-0.001655675
-0.006546169	-0.002807107
-0.016757111	-0.003658974
-0.008100816	-0.002215757
-0.013511704	0.001896045
0.024968644	0.003732862
-0.012496793	0.000356598
0.023868058	0.005268349
-0.011415942	0.000275427
-0.026986981	-0.005585315
0.001650767	0.00535465
0.000595607	0.001252525
0.007572933	0.007809997
-0.010829618	-0.000368574
0.014277712	-0.003521949
0.006320891	-0.001305928
-0.007997929	-0.00329467
0.020343135	0.002759466
0.003505851	-6.86344E-06
0.006710785	0.003634456
0.008849259	-0.000396715
0.012095022	0.00071124
-0.017737144	-0.008203069
-0.016361929	-0.005543301
-0.002321013	-0.000395147
0.013758318	-0.001418964
-0.047433408	-0.033416334
-0.008867158	-0.020787647
0.035096137	0.014106321
-0.021617803	-0.005922539
0.021797894	0.02126787
-0.004330876	-0.000252708
-0.023651006	-0.014496515
0.015115205	-0.000361235
0.00609165	-0.004308744
0.009382373	-0.005527097
-0.0349037	-0.031350832
0.021661496	0.018453729
-0.016051742	-0.017479091
-0.018948466	-0.00658123
0.00498176	0.015545367
0.025732769	0.010792839
0.015235619	0.010502453
-0.068632866	-0.0063367
-0.028799288	0.005584694
0.010756081	0.006239827
0.029877554	0.020987099
-0.003495171	-0.002512135
-0.019469848	-0.009241562
-0.051687295	-0.019898137
-0.010041391	-0.001483004
-0.028654109	-0.007596243
0.024379293	0.01053808
0.011014698	0.002220813
-0.040438758	-0.016783147
-0.048957147	-0.018317962
-0.001130589	0.003038654
-0.025726836	-0.006576468
0.013432987	0.015413016
-0.00217855	0.003256395
0.037731866	0.022714008
-0.007711642	-0.002200109
-0.005417054	0.008152204
0.034345579	0.010881931
-0.044985533	-0.032900209
-0.011212032	-0.001523348
-0.036308337	-0.023596383
0.006566273	0.001760644
-0.005735773	-0.000356432
0.00278338	0.005404856
0.010880802	-0.000199939
-0.032520846	-0.019271179
-0.009349753	-0.020992281
0.012908836	8.64084E-05
-0.031688676	-0.015515478
-0.025558354	-0.015897793
-0.039672355	-0.020803201
-0.026214538	-0.027486566
0.068052502	0.048403239
-0.006510842	0.008526178
0.000512142	-0.001242319
0.009618893	0.008456583
0.001140345	0.00126772
-0.10492435	-0.025068276
0.041803223	0.033759378
-0.002228228	0.006985976
0.018883708	0.009648598
0.016839073	0.004089652
0.00319118	0.004508268
-0.009866391	-0.000146354
-0.015151496	-0.005271432
0.020260166	0.010664642
0.012142508	0.002219502
0.005920117	0.007562783
0.006140507	0.013096913
-0.022701598	-0.014258454
0.004036115	0.002200471
-0.00795783	0.001374732
0.032599488	0.008452894
-0.009297493	-0.007877809
-0.010418708	-0.001457271
0.066100849	0.015429592
0.0071756	0.008560631
0.000480585	0.000898232
0.028008867	0.006753349
0.016964921	0.004697431
0.000344304	-0.002226973
-0.019120939	-0.009401172
0.0011742	0.000676034
-0.00576745	0.000708791
0.008580406	0.012807878
-0.004163541	0.003019414
0.003636687	-0.002655146
-0.002227511	0.010819962
0.002988337	0.001497653
0.006414786	0.001775555
-0.00565461	-0.003532645
0.011103956	0.006390624
0.007257965	0.001231038
0.000573691	-0.000790696
0.003092907	-0.00054419
-0.009884507	-0.002829546
0.010456193	0.006871674
0.005016776	-0.003888149
-0.00182146	-0.001132118
-0.005770466	-0.006545491
-0.011642201	-0.008158904
0.002374028	-0.002134014
0.03405575	0.014559543
0.011172737	0.002948976
0.004412238	0.006925582
0.011055164	-0.00086842
0.012924411	0.004972519
0.010156941	0.003699111
-0.007956362	-0.000130615
0.00870062	-0.002948666
0.0361683	0.01079405
-0.020925871	-0.019156854
-0.012164875	-0.000839425
-0.01038526	0.007157105
0.008953857	-0.004655199
0.001325506	0.003583117
0.006496543	0.00671172
0.006768374	0.011502182
0.014431812	1.74385E-05
0.006831919	0.002146103
0.00173861	0.002082469
0.006672035	0.004625684
0.015613721	0.001046902
-0.003003166	-0.006085953
0.005598284	0.003471834
-0.008358952	3.80851E-05
-0.00040232	0.006587632
0.001808594	-0.000629624
0.000100475	0.000509235
0.019285873	-0.002276364
0.003587386	0.00157782
0.003281077	0.001011526
0.014320462	0.008802364
-0.001543547	-0.002194192
-0.009116656	-0.000369015
-0.00478541	0.004674363
0.001516261	0.001070899
-0.019444017	0.000950948
0.047918874	-0.007530413
-0.006528973	-0.002126258
0.012354677	0.009592171
-0.015563161	-0.00448104
-0.027327087	-0.016649515
0.000197043	-0.001606671
-0.01080221	-0.003026016
-0.01395017	0.003713418
-0.059876966	-0.024426545
0.015706274	0.00798406
0.011907962	0.005821977
-0.004409403	0.00885592
-0.00569802	-0.005854424
-0.031769115	-0.006772241
0.018989426	0.008459905
-0.020684003	-0.002828362
-0.017217125	-0.011985682
-0.003847998	0.00135262
-0.004143366	-0.008410891
-0.004780512	-0.006935956
0.005173231	0.002096241
-0.01828149	-0.013283188
-0.010161805	-0.002769032
0.035930597	0.021205902
0.016014409	0.008128769
0.014574963	0.00611681
0.026269029	0.010442945
0.012698456	0.004649257
0.011513027	-0.000349938
-0.003187742	-0.002039698
-0.000205951	0.004089078
-0.007288715	-0.001612842
0.005948644	0.000931336
0.023246318	0.009670463
-0.00292704	0.00298073
0.008003473	0.009427615
-0.003415068	-0.001260026
-0.001006583	-0.001733435
-0.015273591	-0.009541702
0.021398372	-0.001234746
-0.000300307	0.003815923
-0.009153631	0.005740912
0.01817448	0.007642996
0.005837645	0.00292387
0.008252796	0.007643076
-0.000880977	-0.001807482
-0.020829475	-0.004847186
0.006080841	0.001235816
0.009840085	0.004500485
-0.007308914	0.002282672
0.007653312	0.004609499
0.009351335	0.000175844
-0.003466057	-0.003409581
-0.005639201	-0.006552626
0.011295619	0.003575536
-0.015040053	-0.00619589
0.022596642	0.002824728
0.007787376	0.006824165
-0.000814322	0.004677164
-0.007938561	-0.005276251
0.003471896	0.007360474
0.009295147	-0.001617377
-0.004301408	-0.002581972
0.020198753	-0.01094519
-0.021876679	-0.009039587
-0.021385035	-0.007309385
-0.053767769	-0.030230162
0.018753318	0.012933014
0.010302135	0.000766596
0.021816189	0.018588426
-0.008274571	-0.00663853
-0.002540686	-0.012258545
0.041476236	0.014883025
-0.030217031	-0.029730363
-0.004993987	0.002461237
0.023320703	0.014323116
0.018472512	0.012033185
4.74907E-05	-0.007946252
0.010780258	0.008213006
-0.000846864	-0.00050621
-0.047322793	-0.026288936
0.018821037	0.010923191
-0.011348048	-0.003208332
0.00668803	0.006524141
0.01679005	0.012607435
-0.001292597	0.000642621
-0.01467077	-0.006923029
0.016824203	0.010783722
0.019362969	0.012925923
-9.38163E-05	0.000910204
0.004258005	-9.40048E-05
0.01174375	0.000322266
0.03130012	0.007203659
-0.002238751	0.002874971
-0.019645791	-0.000724618
0.005243499	-0.003140536
0.003631414	0.002578429
0.009335443	0.000342624
-0.008158043	1.9955E-05
-0.014725968	-0.004907609
0.004536603	-9.69276E-05
-0.004766338	-0.008452012
0.015272444	0.006139679
-0.005171042	-0.002431871
-0.00487785	-0.005330508
0.023262556	0.005034927
0.002764344	-0.01233413
-0.025387417	-0.018065441
0.008458847	0.007940382
0.027646155	0.014116742
0.000220276	-0.004488362
-0.011784199	-0.015683167
0.01165204	0.00906335
0.013388432	0.006395209
0.026250669	0.010879533
-0.001440544	-0.001388042
-0.002334381	0.009906435
-0.004045254	-0.002001548
0.003875154	0.002759019
0.004791443	-0.003927046
0.017193942	0.006848107
-0.002289293	-0.003575056
0.013329561	0.002843094
0.001643495	0.001918598
0.012241161	0.004064426
0.009967086	0.005565862
-0.023399461	-0.000832742
-0.000123343	0.003248048
0.022357719	-0.003027452
0.02798561	0.009615979
0.006545552	0.003697211
-0.001437878	-0.001186434
0.000427702	0.000702279
0.011475227	0.002726407
0.002732958	0.002557356
0.007887706	-0.001964373
-0.000915943	0.001563398
0.009536141	0.000711297
-0.006943395	0.000836743
0.011809192	0.007666003
0.005029563	0.000503004
-0.003037337	-0.000592739
-0.011709646	-0.003763266
-0.004493429	-0.001584031
-0.000878452	0.002172574
0.017381888	0.007479299
-0.007839328	0.002193123
0.013342995	0.004165779
-0.002205466	-0.004019317
-0.011629418	-0.008668528
-0.017991032	-0.006660172
0.008787619	0.006303639
0.014564389	0.001499152
0.019132161	0.009094252
-0.014099077	-0.003167849
0.005827347	-0.001097555
0.00849319	0.002903981
0.002545287	0.008538608
0.0135014	7.25853E-05
0.016973246	0.007122392
0.001963292	0.000335215
-0.002392318	-0.000432354
0.001000442	0.004449309
-0.002073371	0.004932641
0.016186683	0.000865757
0.000950193	-0.000195428
0.01964617	0.005115053
-0.000379795	3.3951E-05
0.005917693	-0.005797602
0.007280079	0.002941694
0.022559762	0.008343874
-0.009769575	-0.00708491
0.007936744	0.003527166
-0.00471413	-0.002807145
0.015958217	0.004890437
0.021018374	0.006633244
0.002258175	-0.002859307
0.021139408	0.00695206
-0.013595309	-0.001515687
-0.004294713	0.001868409
0.012448593	0.008331742
0.011010098	0.003854706
-0.006799853	-0.002655477
0.003563151	0.000289046
0.004804252	0.001140314
-0.002886013	-0.009083269
-0.029846335	-0.015855725
0.027896656	0.01000335
0.020716181	-0.000867223
-0.001450121	0.003129454
-0.045351847	-0.017864476
-0.002749934	0.007228456
0.032480417	0.014869265
0.008121211	0.011187823
0.011629066	0.003320129
-0.013685845	-0.005415471
0.004738285	0.007299652
-0.006051646	0.001687075
0.023470184	0.006441868
-0.007146584	-0.001631773
0.000246294	0.001841845
-0.018480231	-0.002924252
0.014378913	0.004694789
-0.010311935	-0.00382284
-0.022895168	-0.010573815
-0.048665576	-0.034088046
-0.034459198	-0.030747925
0.015739249	-0.003785675
-0.067602709	-0.045168174
-0.000585074	-0.00827245
0.089018327	0.045010865
-0.03227465	-0.02851053
0.045341006	0.041336351
-0.032974651	-0.034510726
-0.013369036	-0.017201002
-0.082395437	-0.079010395
0.069546389	0.048215081
-0.035347933	-0.050102857
-0.103977852	-0.099944852
0.11315748	0.088808356
-0.137708153	-0.127652141
0.043030872	0.058226287
-0.024784538	-0.053222336
-0.007691537	0.004696846
-0.065590307	-0.044327635
-0.021473066	-0.029731491
0.095605967	0.089683157
-0.005524015	0.011468999
0.051285193	0.060543829
-0.042283778	-0.034267808
0.028138272	0.032966616
-0.002042789	-0.016142382
-0.05405182	-0.045146329
0.016548892	0.022572696
-0.014475638	-0.01525286
0.083639947	0.067968231
-0.011649701	-0.001604332
0.025272416	0.033489345
0.007190161	0.014383439
0.019437475	-0.010155993
0.049269168	0.030114497
-0.009169159	-0.022276751
0.007914427	0.005799859
-0.013661664	0.026440929
-0.020974993	-0.018042794
-0.0313983	-0.031155168
0.028396564	0.022671301
-0.00388293	-0.000539564
0.028460638	0.013822111
0.000706633	0.014606872
-0.01634213	-0.005256139
0.03231716	0.026236663
0.020876745	-0.009255117
-0.016230234	-0.028460221
0.014049633	0.004240812
0.014897324	0.008999952
0.010264287	-0.007003873
0.010291846	0.011438949
0.023522857	0.016730758
0.015612781	0.000177471
-0.011493989	-0.020757791
-0.012147604	-0.017616956
0.006124606	0.011458918
-0.005929715	0.003918692
0.023287982	0.031015221
-0.005795254	-0.010539757
0.019261461	0.016513934
-0.007483426	-0.007803935
0.006417828	0.002350966
-0.006796579	0.012214262
0.004347508	0.014718493
0.000440043	-0.002110171
-0.000974526	0.004800768
0.012222864	0.003744242
0.004618711	0.008177279
0.005490038	0.013556655
-0.008649492	-0.003374383
0.02808302	0.025874066
0.005894937	0.011969668
0.031089692	-0.007829755
0.025402183	-0.005327243
-0.04920117	-0.060752759
0.008596421	0.0129763
0.012291266	0.008277851
0.026157208	0.018784885
-0.001392701	-0.003606796
0.000398148	0.000594012
-0.005730994	-0.005665482
0.025827334	0.006474056
0.021120135	0.004298191
-0.017809632	-0.026195279
0.013188227	0.01089985
-0.031207773	-0.024525217
0.022785171	0.014578908
0.008312881	0.015292334
-0.001893178	0.005009542
0	0.004531002
0.02639866	0.015756943
-0.003107788	-0.010877509
0.023023096	0.007797026
0.004291185	-0.005659625
0.001747642	0.010411813
-0.004623894	-0.009406624
0.016413043	0.013317285
0.006853777	0.009041045
-0.012381254	-0.003411918
-0.002022372	0.00284459
0.020855016	0.008371764
-0.013897784	0.001677641
0.002805237	0.00573064
-0.046584854	-0.012396345
-0.002480357	-0.006209631
0.023423793	0.00736792
-0.016563877	-0.006494444
0.018986868	0.012351783
0.012027606	-0.003757311
0.099563519	0.007641191
0.024885365	0.007155366
0.006655975	0.003605453
0.003618102	0.006409158
0.034294435	0.006407158
-0.022998152	0.000632794
0.014430173	0.002738483
-0.030191152	-0.008001047
0.032694064	0.013899456
0.017542705	-0.002049224
-0.000891574	-0.000171947
-0.002614258	0.002706209
0.008298282	0.002300729
0.001253917	-0.004414144
0.021946995	0.003153681
0.050248579	0.003435229
0.011889293	0.009993581
-0.008237544	0.003589874
0.013507394	0.010144041
-0.012026383	0.001671626
-0.001621195	0.006710014
0.033349851	-0.002197389
0.039059738	0.007496876
-0.02093609	0.015248998
-0.0834478	-0.035757587
0.000661652	-0.008166252
-0.069666265	-0.028148867
0.039111581	0.019944799
-0.033190492	-0.01774124
-0.013215852	0.000532921
0.029558772	0.012661315
0.00155917	0.005205812
-0.02995795	-0.004629658
-0.016092379	-0.008447955
-0.03223415	-0.011245565
0.029875034	-0.011638591
0.015593542	0.010463014
-0.042851138	-0.024007294
0.010216406	0.002982954
0.036829486	0.015850478
0.023588506	0.015982151
-0.007596607	-0.004824245
0.014963327	0.008219834
0.008426529	0.005278935
-0.032812634	-0.009617802
0.030326444	0.017815885
-0.029088495	-0.014086779
0.016824789	0.017256047
-0.000956334	0.007975249
0.017246264	0.008752273
0.061584743	0.016285383
-0.026885636	-0.00632688
0.000743003	-0.006645169
-0.003968618	-0.001528971
-0.014099479	0.000134919
-0.025873715	-0.016464624
0.013105734	0.004716138
-0.005461252	-0.002198097
-0.009629566	0.005205374
-0.006152785	0.003439866
8.69584E-05	-0.018764495
0.013382451	-0.003030194
-0.047418923	-0.035925571
0.03638047	0.011876501
-0.05764824	-0.012203669
-0.000827056	0.012242942
0.015236814	0.017601207
0.040024857	0.021849071
0.034878296	0.019273263
-0.001136681	-0.000287754
-0.020170091	0.011631958
-0.003013427	-0.001400783
0.029901082	0.007622761
-0.002346024	-0.010028679
0.000419353	0.013518577
0.008682671	0.011580732
-0.007593201	-0.004803476
-0.011456626	-0.011631213
0.005154895	0.003938654
-0.011018034	-0.006815716
-0.030193932	0.005620095
0.011527519	0.016032508
0.0074395	-0.001585672
0.004814673	0.002394057
0.020880131	-0.004606081
0.030361797	0.011208122
0.002929181	0.001789549
-0.001138077	-0.000624341
-0.005628324	0.008797424
0.012195233	-0.001937471
0.005077986	0.002783261
-0.021125278	-0.007980984
0.011917564	-0.001285943
-0.006757579	-0.001265761
-0.005159985	-0.004368796
0.048876178	0.012838448
-0.000547518	0.001771278
0.006939328	0.005741127
-0.015977727	-0.003517279
0.012319137	-0.003913931
0.028066954	-0.002075268
-0.007000467	0.000745533
0.007682622	0.003530337
0.035141028	0.008684695
-0.013404285	-0.002229847
-0.008563297	0.001340648
-0.007732435	0.006418197
-0.025029882	-0.014864718
0.012287861	0.007057576
-0.034241086	0.005693661
0.033553931	0.014738221
0.008594167	0.005476866
-0.023523245	-0.006576374
-0.001396552	0.000415746
0.016096473	0.002273018
-0.015242706	-0.0037605
-0.013825754	-0.007215991
0.005412435	0.008103481
0.032327858	0.013839369
0.0360024	0.000316681
0.015945939	-0.003015127
0.027307618	0.003609282
0.001677832	-0.001489946
-0.007713377	-0.02601329
-0.03561187	0.009713335
-0.038138793	-0.019500406
0.016385152	0.015924269
0.006316725	0.013802542
-0.007808746	0.001008296
0.025431567	0.01079483
-0.003102837	0.003889897
0.001096277	0.007372105
-0.006595429	-0.001114118
-0.004568881	-0.00034522
-0.00192218	0.001661075
0.001774418	0.004699921
-0.016235038	-0.000569437
-0.017801523	-0.000320451
-0.008673929	-0.004425587
0.001232668	-0.001856617
-0.030252005	-0.007762903
-0.001111721	0.001255499
-0.004060377	0.011287715
-0.035401928	-0.024783435
0.002229136	-0.004761484
0.052451282	0.02351213
-0.021114999	-0.008113671
-0.02476059	-0.013152318
-0.015938246	-0.013508038
0.010681128	0.019308364
-0.042566751	-0.005373684
0.039845196	0.014055441
-0.009208951	0.006012174
0.016368027	0.010341818
-0.007654673	0.001014883
	
	
